92 10
10 3
4 1
1 7
4 9
6 1
3 1
6 2
5 6
2 1
8 9
6 4
7 9
6 1
7 8
10 8
4 7
8 5
4 1
3 8
9 7
7 4
1 9
5 8
6 2
2 6
2 7
3 6
7 7
9 10
2 3
3 5
6 5
4 4
3 5
10 3
4 3
5 1
6 8
4 2
3 3
3 9
5 10
9 8
7 10
5 7
9 7
7 3
1 1
2 10
5 3
3 3
3 5
7 3
2 9
1 3
4 7
4 2
4 5
5 2
3 10
7 5
6 9
6 1
9 7
1 9
5 8
6 6
5 9
5 10
10 5
6 6
5 8
9 4
5 7
1 4
9 6
3 1
7 9
10 10
2 9
3 4
8 2
1 10
6 4
10 9
3 2
3 10
3 3
3 5
3 5
9 6
1 4
41 66
43 62
48 58
37 70
44 61
37 51
37 66
36 43
34 37
30 53
