112 11
2 3
10 9
1 5
6 6
3 5
10 1
9 9
7 3
6 10
9 10
3 6
6 8
3 5
6 6
4 1
4 9
7 5
10 5
9 9
9 7
10 1
6 5
6 7
10 4
2 5
8 9
10 5
5 4
1 3
1 1
5 9
10 2
4 7
8 10
4 3
4 7
7 8
8 10
10 7
10 1
10 1
10 8
8 4
4 2
9 1
1 8
2 4
4 5
9 8
10 8
1 7
5 3
8 3
2 9
2 8
6 10
6 10
9 4
2 7
4 6
7 10
7 7
7 9
5 3
2 8
9 4
10 10
4 10
9 10
10 5
2 6
3 7
9 4
8 10
4 3
3 5
3 9
2 2
1 3
2 8
10 3
1 3
2 7
7 7
1 2
3 8
2 7
2 8
10 10
4 10
10 9
10 1
3 2
8 3
8 3
6 2
9 3
9 3
6 3
5 3
6 6
9 1
1 3
2 7
6 6
10 10
10 6
3 9
3 4
4 6
8 6
8 6
44 68
51 66
55 63
41 71
48 54
41 55
53 73
41 52
46 57
53 68
50 53
