210 14
7 2
5 4
2 4
9 7
5 5
9 8
4 1
2 2
3 7
2 1
7 5
4 9
8 9
9 2
5 1
7 8
3 5
9 5
1 2
3 10
10 9
3 7
7 1
6 4
5 9
8 8
4 7
8 9
10 5
1 4
1 4
5 6
4 5
5 8
4 10
5 5
8 3
1 1
6 1
1 3
7 7
2 4
6 1
6 10
3 1
4 6
10 10
5 6
1 8
3 6
10 8
6 9
8 2
2 8
1 5
2 5
7 4
5 7
9 9
10 4
10 9
7 9
10 1
5 5
2 10
1 4
8 8
3 7
4 8
2 5
2 1
5 8
9 1
2 3
4 5
6 9
9 8
7 4
10 10
1 9
5 6
4 10
3 1
8 6
6 7
2 6
4 5
8 5
7 1
5 8
2 5
10 6
6 3
7 5
6 6
3 2
9 9
8 3
2 2
5 6
2 7
8 10
10 1
8 1
8 1
8 1
8 2
9 4
7 4
2 10
6 6
3 3
6 6
5 8
1 1
1 9
7 8
8 8
7 4
8 4
3 7
8 5
2 9
9 10
5 6
8 6
7 10
3 7
7 10
6 3
6 3
10 9
9 7
8 9
1 5
10 5
4 4
9 8
10 10
4 9
4 7
2 6
6 7
5 3
10 6
2 7
1 5
6 9
8 3
8 7
1 5
6 9
3 7
3 1
4 2
10 7
4 1
8 5
8 4
3 6
4 10
9 3
7 4
7 4
7 1
4 10
10 10
8 8
7 9
10 10
4 5
4 6
10 9
6 2
9 1
9 9
9 5
10 6
6 4
5 6
8 6
2 7
4 5
8 1
3 10
10 9
3 2
9 10
9 10
4 8
10 2
7 8
4 3
8 5
10 10
9 2
6 9
1 1
5 6
9 1
9 10
5 5
8 9
10 2
3 2
1 9
4 6
1 2
10 6
1 2
70 85
53 74
69 72
51 79
60 87
53 71
44 72
52 96
69 87
45 81
69 93
69 93
66 72
44 68
